00
01
02
03
04
1A
27
05
18
1B
25
28
06
1C
29
07
08
09
0A
13
1D
20
0B
0C
0D
0E
14
1E
21
0F
15
1F
22
10
23
11
24
12
26
16
17
19
00
00
00
00
00
00
00
00
00
00
00
00
00
00
00
00
00
00
00
00
00
00
00
00
00
00
00
00
00
00
00
00
00
00
00
00
00
00
00
00
00
00
00
00
00
00
00
00
00
00
00
00
00
00
00
00
00
00
00
27
28
29
01
02
11
1C
03
12
17
1A
1D
22
25
04
13
18
1E
23
05
09
06
0A
15
20
07
0B
08
0C
0E
0F
0D
10
14
19
1F
24
16
1B
21
26
00
00
00
00
00
00
00
00
00
00
00
00
00
00
00
00
00
00
00
00
00
00
00
00
00
00
00
00
00
00
00
00
00
00
00
00
00
00
00
00
00
00
00
00
00
00
00
00
00
00
00
00
00
00
00
00
00
00
00
16
1D
1E
1F
01
0D
17
02
07
0A
0E
18
03
08
0B
0F
19
04
09
0C
10
1A
05
11
1B
06
12
13
14
15
1C
00
00
00
00
00
00
00
00
00
00
00
00
00
00
00
00
00
00
00
00
00
00
00
00
00
00
00
00
00
00
00
00
00
00
00
00
00
00
00
00
00
00
00
00
00
00
00
00
00
00
00
00
00
00
00
00
00
00
00
00
00
00
00
00
00
00
00
00
1C
1D
1E
00
03
04
05
1B
01
02
06
09
0F
15
07
0A
10
16
08
0B
11
17
0C
12
18
0D
13
0E
14
19
1A
00
00
00
00
00
00
00
00
00
00
00
00
00
00
00
00
00
00
00
00
00
00
00
00
00
00
00
00
00
00
00
00
00
00
00
00
00
00
00
00
00
00
00
00
00
00
00
00
00
00
00
00
00
00
00
00
00
00
00
00
00
00
00
00
00
00
00
00
00
01
12
13
14
00
02
04
0A
11
03
05
0B
06
0C
07
0D
08
0E
09
0F
10
00
00
00
00
00
00
00
00
00
00
00
00
00
00
00
00
00
00
00
00
00
00
00
00
00
00
00
00
00
00
00
00
00
00
00
00
00
00
00
00
00
00
00
00
00
00
00
00
00
00
00
00
00
00
00
00
00
00
00
00
00
00
00
00
00
00
00
00
00
00
00
00
00
00
00
00
00
00
00
0E
0F
10
00
02
03
04
05
06
09
07
0A
08
0B
0C
0D
01
00
00
00
00
00
00
00
00
00
00
00
00
00
00
00
00
00
00
00
00
00
00
00
00
00
00
00
00
00
00
00
00
00
00
00
00
00
00
00
00
00
00
00
00
00
00
00
00
00
00
00
00
00
00
00
00
00
00
00
00
00
00
00
00
00
00
00
00
00
00
00
00
00
00
00
00
00
00
00
00
00
00
00

