5
9
1
4
6
8
A
D
0
2
C
E
0
0
0
0
6
A
5
9
7
B
2
3
4
8
E
F
0
0
0
0
9
4
5
8
A
D
E
0
1
B
C
F
0
0
0
0
1
2
3
4
5
6
7
8
9
A
0
B
0
0
0
0
9
5
8
4
6
A
C
D
0
0
0
0
0
0
0
0
4
5
8
9
0
1
C
D
0
0
0
0
0
0
0
0
5
9
0
1
4
A
D
E
0
0
0
0
0
0
0
0
1
2
3
4
5
6
0
7
0
0
0
0
0
0
0
0
9
D
8
A
C
E
0
0
0
0
0
0
0
0
0
0
8
D
9
C
4
E
0
0
0
0
0
0
0
0
0
0
9
E
A
D
8
F
0
0
0
0
0
0
0
0
0
0
1
2
3
4
0
5
0
0
0
0
0
0
0
0
0
0
D
8
9
C
E
0
0
0
0
0
0
0
0
0
0
0
D
9
5
C
E
0
0
0
0
0
0
0
0
0
0
0
8
C
D
4
E
0
0
0
0
0
0
0
0
0
0
0
1
2
3
0
4
0
0
0
0
0
0
0
0
0
0
0
8
9
C
D
0
0
0
0
0
0
0
0
0
0
0
0
C
D
8
E
0
0
0
0
0
0
0
0
0
0
0
0
9
D
8
E
0
0
0
0
0
0
0
0
0
0
0
0
1
2
0
3
0
0
0
0
0
0
0
0
0
0
0
0

